10.0767015	3.358900501	0	3.358900501	14.36823142	4.789410475	0	4.789410475	20.85829645	6.952765483	0	6.952765483	30.15439787	10.05146596	0	10.05146596	42.26471082	14.08823694	0	14.08823694	56.32816386	18.77605462	0	18.77605462	71.94106676	23.98035559	0	23.98035559
10.07679357	3.35893119	3.49124E-12	3.35893119	14.3685298	4.789510346	6.18161E-07	4.789509728	20.85870162	6.953107318	0.000310167	6.95279715	30.15589835	10.0532103	0.001866276	10.05134403	42.28204515	14.11062546	0.024915608	14.08570985	56.37861788	18.84538994	0.078775973	18.76661397	72.10730354	24.17827725	0.213764105	23.96451315
10.07688379	3.358961266	5.3916E-09	3.358961261	14.36955834	4.790702298	0.001274276	4.789428022	20.86580704	6.961639424	0.009555617	6.952083808	30.18522893	10.08768467	0.038912537	10.04877213	42.38205598	14.23867308	0.166981631	14.07169145	56.53923489	19.08916042	0.364123193	18.72503723	72.18867644	24.4619497	0.598586326	23.86336337
10.07696012	3.358987028	4.81193E-07	3.358986547	14.37711446	4.799087662	0.010074262	4.7890134	20.89443488	6.995506296	0.046042006	6.94946429	30.2353797	10.14786041	0.104100762	10.04375965	42.51401983	14.40610981	0.352154806	14.05395501	56.72986852	19.37051415	0.69083697	18.67967718	72.22770304	24.78435936	1.062687514	23.72167184
10.07700324	3.35901888	2.66978E-05	3.358992182	14.38978244	4.813170333	0.024864281	4.788306053	20.93499961	7.041169766	0.094254844	6.946914922	30.29915749	10.22588119	0.189243038	10.03663815	42.61917111	14.5454468	0.508584644	14.03686216	56.88691317	19.60141539	0.958666497	18.64274889	72.35056736	25.13542488	1.527853645	23.60757124
10.07690136	3.359376807	0.000614528	3.358762279	14.40360722	4.830319332	0.043675386	4.786643946	20.98070179	7.096866378	0.154948675	6.941917704	30.37005452	10.3155825	0.288346497	10.02723601	42.70914722	14.69048282	0.681150614	14.0093322	57.00378958	19.8255302	1.236400503	18.58912969	72.46901978	25.45490611	1.947849275	23.50705683
10.07725505	3.359743181	0.000987246	3.358755935	14.42101731	4.85155777	0.066828002	4.784729768	21.02026405	7.156737514	0.224974247	6.931763268	30.44161863	10.41074189	0.39530352	10.01543837	42.747847	14.81678978	0.85126117	13.96552861	57.09233703	20.01555272	1.477160569	18.53839215	72.492099	25.68255815	2.277787717	23.40477043
10.07865591	3.363076356	0.00528658	3.357789776	14.44213595	4.877704416	0.095488651	4.782215765	21.06828341	7.221083674	0.297483806	6.923599868	30.52984231	10.53250045	0.53382952	9.998670928	42.83297918	14.95105137	1.010087469	13.9409639	57.16064947	20.18122342	1.691510391	18.48971302	72.35799371	25.8348717	2.573310697	23.261561
10.08110164	3.365294552	0.007391007	3.357903545	14.47528414	4.920494526	0.143099722	4.777394805	21.12388866	7.295372748	0.38111479	6.914257958	30.60290992	10.63528265	0.651469009	9.983813637	42.9016064	15.06877001	1.152351814	13.9164182	57.17296574	20.34883704	1.936772682	18.41206435	72.36489656	26.05806677	2.904651881	23.15341489
10.08449155	3.370237415	0.013110348	3.357127068	14.50037147	4.954050019	0.180889293	4.773160725	21.17823883	7.371550168	0.468205836	6.903344332	30.65985001	10.74147773	0.782291588	9.959186142	42.9445151	15.16895126	1.281169333	13.88778192	57.28645865	20.56018797	2.197052634	18.36313534	72.32330044	26.24505325	3.205929657	23.03912359
10.08953904	3.377707736	0.021792084	3.355915652	14.53063904	5.000378984	0.235248958	4.765130026	21.23084535	7.449090294	0.558212768	6.890877527	30.73225118	10.84963862	0.908332333	9.941306283	43.00267701	15.29433633	1.440165984	13.85417034	57.33013135	20.73570836	2.438496866	18.29721149	72.31469263	26.41215112	3.460880358	22.95127076
10.09493427	3.385876642	0.03134783	3.354528812	14.56611086	5.050184224	0.292220905	4.757963319	21.27152531	7.512026336	0.632276848	6.879749489	30.77537349	10.93007626	1.007427642	9.922648615	43.0402337	15.39405444	1.570964805	13.82308963	57.3813488	20.86939426	2.613416991	18.25597727	72.16125955	26.5059405	3.678280979	22.82765952
10.10075911	3.395312271	0.042588853	3.352723419	14.59198891	5.09180297	0.341710002	4.750092968	21.30820684	7.580188554	0.716179414	6.864009141	30.81167473	11.01632932	1.118656608	9.897672707	43.08585429	15.51080971	1.723287426	13.78752229	57.35722244	20.98979899	2.806087259	18.18371173	71.98139243	26.63658058	3.96417465	22.67240593
10.10738455	3.409409958	0.060422664	3.348987294	14.61906661	5.135535352	0.393769723	4.741765629	21.34834197	7.648801804	0.799031723	6.849770082	30.8593961	11.10701462	1.230823881	9.876190738	43.12469566	15.62302638	1.872191744	13.75083464	57.34021482	21.08098564	2.951371052	18.12961459	71.87004898	26.69235922	4.103514344	22.58884488
10.11332976	3.420449032	0.074008666	3.346440366	14.64337202	5.177398947	0.444412409	4.732986538	21.37773956	7.710241093	0.876491857	6.833749236	30.87298852	11.19581	1.357220742	9.838589261	43.11475261	15.70707405	2.003234777	13.70383928	57.28092326	21.16507801	3.107155387	18.05792262	71.89798738	26.84392823	4.316898653	22.52702957
10.11980091	3.432965837	0.089548303	3.343417534	14.66520475	5.217082729	0.493021718	4.724061012	21.40402121	7.764985876	0.945468209	6.819517668	30.89805919	11.27430774	1.462432011	9.811875726	43.13236103	15.78917622	2.117583814	13.67159241	57.23285054	21.25022329	3.258909666	17.99131362	71.79089188	26.89718262	4.450327992	22.44685463
10.12573165	3.445432606	0.105283085	3.34014952	14.6855147	5.257465871	0.543441455	4.714024417	21.43039585	7.826332911	1.024301442	6.802031469	30.91759187	11.33552195	1.544486987	9.79103496	43.15004489	15.87672818	2.24006982	13.63665836	57.20454667	21.35363676	3.428181802	17.92545495	71.68106724	26.96840006	4.612066464	22.35633359
10.13178885	3.459514515	0.123377349	3.336137166	14.70331178	5.294584726	0.590221198	4.704363528	21.44982729	7.880933283	1.09648628	6.784447003	30.930453	11.40192632	1.637662978	9.76426334	43.11231003	15.97330409	2.403801125	13.56950297	57.21900835	21.43820943	3.547809967	17.89039946	71.56665281	27.06332976	4.811668231	22.25166153
10.13761208	3.473836611	0.141948878	3.331887733	14.71874598	5.330332794	0.636126202	4.694206592	21.46860469	7.938139205	1.172906463	6.765232743	30.93401078	11.46310253	1.727648411	9.735454123	43.12485503	16.05781438	2.524294052	13.53352033	57.17436205	21.51443093	3.684465364	17.82996556	71.45735278	27.14296098	4.985765085	22.1571959
10.13436266	3.484956407	0.160253279	3.324703128	14.72984848	5.364421163	0.681707503	4.68271366	21.46605844	7.990424671	1.252607787	6.737816884	30.94452649	11.5236692	1.813240562	9.710428642	43.08830454	16.14162945	2.668291909	13.47333754	57.12132311	21.59912994	3.838033356	17.76109658	71.26615414	27.17048378	5.122648592	22.04783518
10.13955839	3.499061904	0.178813661	3.320248243	14.74457412	5.404284642	0.734139901	4.670144741	21.47573269	8.041287688	1.324065187	6.717222501	30.94219283	11.57866404	1.896899638	9.681764398	43.04365091	16.19687573	2.773488138	13.42338759	57.08324731	21.69021675	3.993701464	17.69651528	70.99575435	27.1719062	5.259982128	21.91192407
10.14293033	3.512446847	0.197205104	3.315241742	14.75182118	5.437582742	0.780463524	4.657119218	21.47147887	8.0881731	1.396520215	6.691652885	30.94048401	11.63428367	1.981183496	9.653100172	43.00438282	16.25144437	2.874975145	13.37646923	56.98405985	21.72511397	4.095641032	17.62947294	70.98119336	27.29015714	5.444639026	21.84551811
10.14532327	3.526481814	0.217061087	3.309420727	14.7564078	5.468024676	0.823833116	4.64419156	21.46590486	8.128882059	1.460370659	6.6685114	30.906102	11.68306871	2.071552066	9.611516644	42.9673485	16.29341405	2.956446828	13.33696722	56.86162918	21.76156508	4.211533037	17.55003205	70.77496975	27.32440157	5.599117484	21.72528409
10.14694798	3.540109469	0.236690215	3.303419254	14.75415317	5.498903317	0.871278391	4.627624926	21.46066355	8.166446394	1.519337818	6.647108577	30.88710952	11.72278339	2.140620331	9.582163064	42.93395756	16.36676515	3.083168944	13.2835962	56.71678996	21.83033952	4.387114302	17.44322522	70.75214711	27.39339802	5.714023482	21.67937454
10.14771758	3.553893544	0.256981525	3.296912019	14.75497362	5.527152542	0.913242002	4.613910539	21.44368608	8.20411553	1.584330256	6.619785273	30.86120774	11.76077903	2.21056467	9.550214355	42.87626701	16.41070981	3.177931218	13.2327786	56.5992772	21.86760779	4.501773092	17.3658347	70.42078644	27.33413646	5.790811465	21.54332499
10.14723651	3.567140624	0.277092683	3.290047941	14.75393092	5.55509763	0.955680984	4.599416646	21.43676201	8.238361094	1.639160634	6.59920046	30.81017159	11.79608894	2.289047613	9.507041327	42.84181639	16.45770218	3.265645078	13.1920571	56.54223557	21.91090049	4.595232952	17.31566754	70.35793098	27.39417303	5.912294061	21.48187897
10.1455928	3.580314375	0.297675162	3.282639213	14.74778622	5.583342872	1.001121199	4.582221673	21.43463675	8.278259648	1.700071098	6.57818855	30.7883746	11.82901015	2.349327925	9.479682224	42.78714282	16.4926323	3.345377037	13.14725526	56.42181581	21.93561524	4.692514961	17.24310028	70.28060872	27.42655051	5.999521396	21.42702911
10.14285196	3.593227743	0.318415634	3.274812109	14.74081689	5.608973218	1.043051383	4.565921835	21.41129906	8.310284065	1.759776567	6.550507498	30.77387353	11.8604342	2.403714543	9.456719662	42.74574554	16.53752455	3.433414063	13.10411049	56.29252322	21.9454614	4.771930484	17.17353091	70.16304514	27.44704842	6.089050062	21.35799836
10.13889808	3.605865536	0.339349263	3.266516272	14.7330893	5.632204189	1.081761631	4.550442558	21.38892113	8.339127831	1.814231183	6.524896649	30.72975417	11.89714288	2.480837238	9.416305645	42.67448675	16.55733987	3.498766426	13.05857344	56.18064923	21.9634325	4.854824136	17.10860836	69.91740221	27.41631127	6.165765802	21.25054547
10.13374825	3.617751812	0.359753596	3.257998217	14.7211946	5.654689381	1.121436773	4.533252608	21.37443065	8.364780762	1.859955817	6.504824944	30.66214906	11.94223727	2.582281366	9.359955899	42.62754137	16.6044096	3.592843711	13.01156589	56.16884837	21.99639745	4.910171992	17.08622546	69.68881165	27.4396295	6.31503842	21.12459108
10.12742053	3.629336233	0.380294083	3.24904215	14.71011164	5.673736827	1.155549418	4.518187409	21.36122062	8.39070446	1.905446378	6.485258082	30.61590659	11.96657502	2.64190923	9.324665785	42.53029087	16.62217944	3.66812372	12.95405572	56.07870181	22.02527631	4.998563564	17.02671275	69.74037532	27.5206614	6.410804436	21.10985696
10.11961944	3.640770838	0.401346536	3.239424302	14.69601651	5.693259753	1.191881376	4.501378377	21.33371387	8.41420687	1.95445337	6.4597535	30.58370302	12.00443864	2.714806452	9.28963219	42.47797568	16.65703674	3.746567276	12.91046947	55.99554892	22.05578211	5.0858987	16.96988341	69.67972858	27.55773594	6.496739617	21.06099632
10.11013838	3.651881189	0.422752593	3.229128596	14.66077816	5.713486736	1.239841022	4.473645714	21.30314037	8.4361179	2.002606663	6.433511237	30.52510428	12.01737596	2.763511809	9.253864156	42.37757666	16.67032264	3.816695628	12.85362701	55.91090421	22.07224911	5.152921565	16.91932755	69.48576193	27.52287893	6.541437423	20.9814415
10.08560254	3.659907671	0.447060235	3.212847436	14.62327957	5.726545215	1.278178035	4.44836718	21.27227245	8.454350585	2.045389653	6.408960932	30.47469513	12.03690706	2.818013019	9.218894037	42.33247625	16.69182543	3.871500015	12.82032541	55.83406621	22.09822171	5.23029946	16.86792225	69.43968215	27.5610467	6.621728969	20.93931773
10.06052887	3.669025175	0.473273326	3.195751848	14.60401144	5.74274992	1.31211916	4.43063076	21.22229944	8.469155574	2.092583643	6.376571932	30.415617	12.05460626	2.87410089	9.180505369	42.28047458	16.7086055	3.922670964	12.78593454	55.73876356	22.10616267	5.289862219	16.81630045	69.26777047	27.56564737	6.71458582	20.85106155
10.04521654	3.679906665	0.497251725	3.18265494	14.56194227	5.765892276	1.36786728	4.398024996	21.18000911	8.489318723	2.143973528	6.345345195	30.38264479	12.07241579	2.917301287	9.1551145	42.1713888	16.70820875	3.976618718	12.73159003	55.65197677	22.11367872	5.344529702	16.76914902	69.02962927	27.53993521	6.795088178	20.74484703
10.02209842	3.691498256	0.526198173	3.165300084	14.53388251	5.77787087	1.399865051	4.378005818	21.15170976	8.50974725	2.188765996	6.320981254	30.32353465	12.08747416	2.96944391	9.118030247	42.11395805	16.72865003	4.035996018	12.69265401	55.55445033	22.11262335	5.391709863	16.72091349	68.97576346	27.55539144	6.845205439	20.71018601
10.00075491	3.6993554	0.548655645	3.150699754	14.49725738	5.789585733	1.43574991	4.353835823	21.10604402	8.522151306	2.230204951	6.291946355	30.27629802	12.10393032	3.017746465	9.086183851	42.03894791	16.74082259	4.091759931	12.64906266	55.49385523	22.12068801	5.434104396	16.68658361	68.98122574	27.5742415	6.870749379	20.70349212
9.964610661	3.712299334	0.58614367	3.126155664	14.47026912	5.80325253	1.469744237	4.333508293	21.06096853	8.53529151	2.272453002	6.262838509	30.19384883	12.11417624	3.074339943	9.039836296	41.97466265	16.75218795	4.140950597	12.61123735	55.27380952	22.07801918	5.480124015	16.59789517	68.89475688	27.57722221	6.918454879	20.65876733
9.943659502	3.721411431	0.610287396	3.111124036	14.44024672	5.815256349	1.502761165	4.312495184	21.02502763	8.550430642	2.313132147	6.237298495	30.14665538	12.1232401	3.111532452	9.011707644	41.88634793	16.75621356	4.19114638	12.56506718	55.25525292	22.10565547	5.530856741	16.57479873	68.82659686	27.59534942	6.979725695	20.61562372
9.917724626	3.727882876	0.632962002	3.094920875	14.40681601	5.827152118	1.537320169	4.289831948	20.97423114	8.562053647	2.355964902	6.206088745	30.10227606	12.13527227	3.151770371	8.983501897	41.81797002	16.76230656	4.234474837	12.52783173	55.19820698	22.12908561	5.59452492	16.53456069	68.76315848	27.61423231	7.039769217	20.57446309
9.895911038	3.735712721	0.655613563	3.080099159	14.37209218	5.837039448	1.569513084	4.267526364	20.93203681	8.57029792	2.389428474	6.180869446	30.01768182	12.14208407	3.204285196	8.937798874	41.75736168	16.76927955	4.275238481	12.49404107	55.11448051	22.13406652	5.643859524	16.490207	68.54109999	27.56505093	7.077026406	20.48802453
9.859779147	3.743762424	0.685754063	3.058008361	14.33432937	5.847298741	1.603783426	4.243515316	20.8853119	8.586380634	2.436914999	6.149465635	29.95722901	12.15031685	3.246860769	8.903456082	41.70101468	16.77680285	4.314696933	12.46210591	54.98272723	22.11423723	5.679992229	16.434245	68.54290877	27.58912719	7.112236407	20.47689079
9.829351592	3.750304809	0.710781417	3.039523392	14.29846826	5.853684326	1.631292358	4.222391968	20.83007879	8.606625056	2.49489819	6.111726867	29.89714115	12.1558329	3.285178778	8.870654125	41.6008564	16.77442626	4.361211191	12.41321507	54.93922893	22.12828989	5.72282037	16.40546952	68.36365392	27.5608264	7.159412646	20.40141376
9.792040785	3.754563887	0.735825438	3.018738449	14.25067231	5.862042705	1.667727904	4.1943148	20.77906483	8.620352905	2.540996945	6.07935596	29.8427216	12.16676474	3.328786306	8.837978432	41.53052642	16.77849901	4.402485309	12.3760137	54.87900871	22.13166102	5.757987173	16.37367385	68.18007117	27.52129485	7.191906695	20.32938816
9.761331516	3.759372247	0.758392612	3.000979634	14.20409676	5.869749911	1.702576488	4.167173423	20.70024799	8.630148795	2.595099199	6.035049596	29.76759562	12.16852137	3.368984251	8.799537123	41.45570886	16.78050152	4.442897845	12.33760367	54.7920601	22.12793216	5.795868183	16.33206397	67.99510153	27.49178995	7.240134159	20.25165579
9.732981329	3.76135386	0.775540125	2.985813735	14.15968513	5.876617711	1.735084002	4.141533709	20.65096092	8.637934736	2.631421642	6.006513094	29.69891417	12.17550861	3.413805833	8.761702779	41.38290746	16.77984126	4.478308163	12.3015331	54.68267766	22.11446755	5.830362499	16.28410505	67.93103503	27.49357822	7.274849822	20.2187284
9.69201617	3.763147334	0.798712916	2.964434418	14.11003199	5.879633423	1.764434139	4.115199284	20.58309252	8.647740399	2.680064337	5.967676062	29.59387508	12.16948309	3.457287096	8.712195996	41.29397802	16.77876313	4.521155681	12.25760745	54.57924058	22.10037355	5.860940031	16.23943352	67.92047946	27.51487019	7.312065553	20.20280464
9.652410288	3.7659917	0.822782406	2.943209294	14.05818659	5.879148863	1.789629998	4.089518865	20.51680578	8.652471217	2.720303935	5.932167281	29.50922873	12.17028065	3.500806602	8.669474043	41.20053993	16.77110079	4.55638122	12.21471957	54.51191315	22.10533498	5.902045894	16.20328908	67.85314162	27.51490079	7.345780367	20.16912042
9.614814315	3.765596738	0.84098795	2.924608789	13.98556525	5.87786857	1.824020229	4.053848341	20.45190935	8.653026764	2.753585473	5.899441291	29.42172148	12.16757444	3.540500919	8.627073519	41.13874424	16.77253904	4.589436448	12.1831026	54.29708184	22.06899736	5.954955116	16.11404224	67.644568	27.46563604	7.376170057	20.08946598
9.550045285	3.76187491	0.867789722	2.894085188	13.93511108	5.879385441	1.851522622	4.027862819	20.38950814	8.653951725	2.786173518	5.867778207	29.36659507	12.17364	3.577162471	8.596477533	41.0271957	16.75965969	4.625891679	12.13376801	54.24421682	22.077023	5.993426092	16.08359691	67.4444654	27.42327816	7.41268454	20.01059362
9.50535269	3.760875571	0.888637012	2.872238559	13.85960811	5.88218883	1.89347919	3.98870964	20.30635934	8.663138308	2.841527793	5.821610515	29.30229849	12.18052134	3.61963277	8.560888573	40.97008406	16.76436769	4.661509501	12.10285819	54.08595158	22.05933433	6.046025708	16.01330862	67.24886096	27.38058448	7.446446237	19.93413824
9.448675646	3.760166584	0.915912054	2.844254531	13.77681498	5.871567354	1.918943542	3.952623813	20.20191647	8.652863472	2.878336973	5.774526499	29.20010186	12.18184531	3.672717031	8.509128276	40.84820121	16.75114806	4.702621494	12.04852657	54.00965976	22.05599551	6.079163388	15.97683212	67.30146377	27.42195824	7.482205478	19.93975276
9.404981581	3.756750266	0.932634608	2.824115658	13.71610953	5.879569787	1.961299915	3.918269873	20.11581511	8.651292317	2.919030919	5.732261398	29.08425148	12.16847229	3.710582691	8.457889595	40.76516108	16.74703762	4.737975893	12.00906173	53.91661001	22.04900698	6.115205462	15.93380152	67.15530165	27.39608407	7.516475283	19.87960879
9.353058192	3.754525202	0.955258706	2.799266495	13.59935714	5.868844935	2.003588831	3.865256104	20.0304966	8.646608448	2.954664371	5.691944077	28.99770214	12.16545692	3.74933431	8.416122611	40.66180703	16.73759375	4.775487117	11.96210664	53.75781783	22.01511084	6.143757344	15.87135349	67.07679136	27.39167972	7.549123895	19.84255582
9.301505888	3.750026041	0.974286117	2.775739924	13.49524057	5.852925678	2.031768232	3.821157446	19.93482259	8.643421846	2.997721476	5.64570037	28.88891198	12.15320064	3.785344977	8.367855667	40.55092667	16.72364105	4.809998241	11.91364281	53.6072105	21.99023754	6.181751065	15.80848648	66.8203424	27.32223799	7.573185784	19.74905221
9.23614545	3.744263884	0.998323101	2.745940783	13.42894366	5.849914734	2.060400274	3.78951446	19.84551782	8.628742541	3.020354903	5.608387638	28.7759542	12.14825011	3.834398064	8.313852044	40.43619963	16.71032095	4.847381618	11.86293934	53.52016756	21.98054106	6.210727817	15.76981325	66.78668279	27.33322044	7.606489261	19.72673118
9.159163579	3.735456487	1.023602941	2.711853546	13.35231692	5.838689133	2.081875238	3.756813895	19.73352304	8.621305367	3.06519653	5.556108837	28.67541247	12.15508864	3.894926725	8.260161916	40.32327553	16.69305503	4.877944777	11.81511025	53.39055208	21.95623223	6.239072304	15.71715993	66.58900035	27.28921742	7.63932595	19.64989147
9.083058078	3.727104691	1.049127998	2.677976693	13.27792609	5.833879158	2.11185569	3.722023468	19.65793195	8.61403548	3.092087244	5.521948236	28.54302467	12.14658686	3.94836796	8.198218904	40.17836141	16.6694741	4.915030446	11.75444366	53.24026834	21.93346976	6.280070478	15.65339929	66.49911422	27.275835	7.664195386	19.61163961
9.003365812	3.718554185	1.076148371	2.642405813	13.1954855	5.823209225	2.13707109	3.686138135	19.54143556	8.598213912	3.126603087	5.471610825	28.44264956	12.14331639	3.993649802	8.149666587	40.04740361	16.65437029	4.957853634	11.69651666	53.15341795	21.92956324	6.317635889	15.61192735	66.29502636	27.22912348	7.696172043	19.53295144
8.921404015	3.706401504	1.098900249	2.607501255	13.10636994	5.811519028	2.164093572	3.647425457	19.43480469	8.582418081	3.156224778	5.426193303	28.3320602	12.13280195	4.033172829	8.099629123	39.90056028	16.63650213	5.00447305	11.63202908	53.03466237	21.91082387	6.348904618	15.56191925	66.1158433	27.1887759	7.725242196	19.4635337
8.863428402	3.695763155	1.111930532	2.583832623	13.04197663	5.802218292	2.182339122	3.61987917	19.31304762	8.571557766	3.200812836	5.370744929	28.1991381	12.112434	4.069081951	8.043352051	39.79047778	16.62090911	5.036124781	11.58478433	52.86627697	21.8791629	6.385605857	15.49355704	66.03446487	27.18473303	7.759867105	19.42486592
8.776021327	3.680764329	1.133135829	2.547628499	12.90698325	5.782578741	2.220376488	3.562202252	19.18820596	8.55247474	3.234609129	5.317865611	28.02642136	12.08895711	4.120224984	7.968732126	39.6151386	16.5969209	5.087812054	11.50910885	52.62706256	21.81657512	6.411331403	15.40524372	65.86824584	27.15397595	7.796841003	19.35713495
8.710151887	3.669258296	1.1488115	2.520446796	12.80438637	5.772066542	2.255906627	3.516159915	19.0324954	8.53021996	3.279082242	5.251137718	27.88992337	12.0727522	4.164166609	7.908585587	39.49535813	16.58186977	5.125125592	11.45674418	52.51749338	21.8044517	6.447930858	15.35652084	65.73827221	27.12863852	7.82382167	19.30481685
8.615158417	3.655989574	1.176405153	2.479584421	12.68860935	5.754242698	2.287059374	3.467183324	18.91446656	8.516013198	3.316786516	5.199226682	27.75172187	12.04597936	4.193108104	7.852871254	39.34716938	16.56021397	5.166736263	11.3934777	52.35385388	21.77518577	6.485851713	15.28933406	65.4465579	27.061774	7.869382048	19.19239195
8.54868365	3.645560869	1.193999479	2.45156139	12.60344686	5.73489146	2.300613761	3.434277699	18.76949927	8.498382961	3.362824808	5.135558153	27.59882958	12.0158327	4.224334264	7.791498438	39.187021	16.53476487	5.208636802	11.32612807	52.09414457	21.70854686	6.515748004	15.19279885	65.31630505	27.03366947	7.892351675	19.14131779
8.443868463	3.622293949	1.211506692	2.410787257	12.47906025	5.713052962	2.330049319	3.383003643	18.6412442	8.474444866	3.3910452	5.083399666	27.42174672	11.99910944	4.287790802	7.71131864	38.98895904	16.50521255	5.263339302	11.24187325	51.90230065	21.66923637	6.552704236	15.11653214	65.15568993	27.00199225	7.925143416	19.07684884
8.365552185	3.608406598	1.229833804	2.378572794	12.39369468	5.697567992	2.349504649	3.348063342	18.50987689	8.449012995	3.418581048	5.030431947	27.25016782	11.96583474	4.323668195	7.642166542	38.76908517	16.46864399	5.318423406	11.15022059	51.70865456	21.62551008	6.583937834	15.04157224	64.92804196	26.94857219	7.958837309	18.98973488
8.28476212	3.592510716	1.246385015	2.346125702	12.24235219	5.67134334	2.385838914	3.285504426	18.35705255	8.418555605	3.449307135	4.969248471	27.09178061	11.93524134	4.356971705	7.578269636	38.55521192	16.42767086	5.363900328	11.06377053	51.51610518	21.58929174	6.625885013	14.96340672	64.76312262	26.91246338	7.987133753	18.92532962
8.135356995	3.567159263	1.283060397	2.284098866	12.14580186	5.652687049	2.406129644	3.246557405	18.1949581	8.386368625	3.48207389	4.904294735	26.89872166	11.894198	4.391936172	7.502261829	38.32867332	16.38188544	5.408491501	10.97339394	51.25713712	21.5219046	6.654288335	14.86761626	64.46688183	26.8281952	8.00885189	18.81934331
8.037409543	3.544329165	1.297788976	2.246540189	12.04224604	5.632043644	2.426942444	3.2051012	18.01142074	8.349679671	3.518809135	4.830870536	26.7071283	11.85912657	4.435125704	7.424000864	38.11259295	16.33121406	5.440524614	10.89068945	50.99903981	21.45885942	6.688769228	14.77009019	64.28674932	26.78985791	8.041412207	18.7484457
7.922626861	3.519278065	1.317603667	2.201674398	11.88192489	5.601706011	2.461596573	3.140109437	17.83803579	8.313199094	3.550780748	4.762418346	26.52177312	11.82343545	4.474266618	7.349168835	37.91406595	16.28627822	5.472384348	10.81389387	50.81090043	21.4166584	6.719537391	14.69712101	64.02324989	26.73110892	8.08503844	18.64607048
7.819046656	3.492231223	1.328823507	2.163407716	11.71081307	5.563229403	2.489437567	3.073791836	17.66971499	8.282539828	3.588952246	4.693587582	26.31829845	11.78030678	4.511310947	7.268995833	37.69678559	16.24724502	5.522474743	10.72477028	50.52019418	21.33633054	6.744398716	14.59193182	63.80990541	26.67616498	8.10929476	18.56687022
7.697993057	3.464289839	1.34743823	2.116851609	11.58029354	5.530796966	2.506048677	3.024748289	17.49978931	8.241290884	3.612041673	4.629249211	26.04999931	11.72525562	4.562883778	7.162371844	37.43040405	16.19897975	5.583267604	10.61571215	50.17560506	21.24529701	6.780142983	14.46515403	63.6037358	26.62916955	8.141886421	18.48728313
7.595521076	3.440456103	1.362923616	2.077532487	11.42824032	5.49583358	2.529630212	2.966203368	17.28868754	8.196090658	3.649792218	4.54629844	25.77736399	11.66493278	4.608717168	7.056215607	37.16745077	16.14521424	5.634095972	10.51111826	49.93612621	21.19733775	6.827943518	14.36939423	63.24893011	26.53037629	8.17109937	18.35927691
7.453696695	3.409522762	1.387435796	2.022086966	11.28718753	5.465374247	2.554467604	2.910906643	17.07051479	8.148957409	3.68817872	4.460778688	25.54859638	11.61566812	4.649203984	6.966464133	36.86628577	16.06570355	5.665412448	10.40029111	49.66965264	21.13457694	6.867039094	14.26753785	62.99020131	26.4676791	8.206417993	18.26126111
7.319916903	3.378257359	1.407427587	1.970829772	11.13094493	5.428681599	2.577549933	2.851131666	16.86939609	8.104061693	3.721394495	4.382667198	25.25286011	11.54156286	4.685914235	6.855648626	36.5974143	16.01022216	5.716626082	10.29359607	49.47218405	21.09938875	6.912991103	14.18639765	62.64756969	26.37604788	8.240286973	18.13576091
7.203979145	3.34673206	1.418108518	1.928623542	10.97226832	5.387723494	2.595451082	2.792272412	16.64471844	8.039754747	3.737272902	4.302481845	24.96704555	11.47511883	4.729155469	6.745963362	36.28651683	15.94722575	5.777580213	10.16964554	49.24255038	21.05296594	6.958173717	14.09479222	62.35519875	26.3067697	8.282555183	18.02421452
7.061682271	3.312161549	1.437401187	1.874760361	10.80321415	5.341662506	2.610886685	2.73077582	16.44899318	8.003083744	3.780129025	4.222954719	24.67247146	11.40267003	4.767769313	6.634900715	35.88316764	15.85293904	5.837824735	10.0151143	48.91206405	20.9810928	7.015607179	13.96548562	62.0934031	26.24036173	8.313841043	17.92652069
6.925070963	3.275892802	1.451303722	1.82458908	10.61913185	5.289800342	2.62513459	2.664665752	16.11346096	7.913748618	3.813892447	4.099856171	24.33316095	11.31752294	4.809703936	6.507819006	35.57738673	15.76931124	5.86527349	9.904037747	48.56650083	20.89560469	7.060156619	13.83544807	61.80824186	26.16956483	8.350226314	17.81933852
6.75219672	3.229587537	1.468282946	1.761304591	10.44196763	5.244758909	2.646154551	2.598604358	15.90124413	7.851700864	3.82692923	4.024771634	24.0200695	11.24942945	4.86410942	6.385320026	35.27464079	15.70891565	5.926053082	9.78286257	48.17796092	20.79943377	7.1101702	13.68926357	61.43340945	26.07695575	8.398728903	17.67822685
6.574077839	3.181006512	1.484470848	1.696535664	10.25643628	5.19378299	2.662456343	2.531326647	15.599904	7.777700865	3.8665993	3.911101566	23.6287059	11.156636	4.920601056	6.236034949	34.88121942	15.60150262	5.961644215	9.639858401	47.83179407	20.71916205	7.162846035	13.55631601	60.93281394	25.93153582	8.430896767	17.50063906
6.382547228	3.124516897	1.495501732	1.629015165	10.07325165	5.142681457	2.677396361	2.465285095	15.33815311	7.70732999	3.891918431	3.815411559	23.29435108	11.06443327	4.949474371	6.114958903	34.49645719	15.4942173	5.993097353	9.501119947	47.28411664	20.580203	7.228246188	13.35195682	60.54373379	25.82219688	8.461428419	17.36076846
6.185072736	3.067839955	1.509223565	1.55861639	9.85604931	5.080721975	2.693058307	2.387663668	15.06742611	7.630134717	3.911489021	3.718645697	22.8210709	10.938637	4.997420059	5.941216945	33.99638731	15.37054137	6.057618397	9.312922971	46.75603141	20.44899719	7.295480087	13.15351711	59.94853114	25.66603011	8.524779592	17.14125052
5.993491148	3.016627776	1.528196091	1.488431686	9.608742473	5.009454934	2.709811164	2.299643769	14.79409924	7.553160438	3.932691036	3.620469401	22.45467884	10.84384008	5.038420697	5.805419383	33.46885465	15.24416948	6.131826891	9.112342586	46.1974232	20.29875094	7.349414819	12.94933613	59.58372366	25.57301271	8.567657237	17.00535547
5.80955255	2.96324002	1.540083756	1.423156265	9.382210116	4.944902623	2.726248876	2.218653747	14.46539224	7.460254041	3.957684941	3.5025691	21.88591374	10.69022615	5.092382348	5.597843797	32.91762071	15.10196442	6.194136276	8.907828145	45.54978944	20.12287621	7.4094196	12.71345661	59.02320347	25.41559091	8.611784636	16.80380628
5.61060932	2.904626645	1.551635308	1.352991337	9.100984793	4.868289147	2.751941324	2.116347823	14.14283656	7.373072581	3.988190591	3.38488199	21.32189946	10.53039455	5.134642095	5.395752457	32.3630512	14.95589346	6.252314597	8.703578868	44.91481775	19.95312107	7.472272735	12.48084834	58.23480518	25.18577574	8.661261025	16.52451472
5.375108794	2.835187996	1.565227597	1.269960399	8.836531791	4.791137838	2.768440861	2.022696977	13.85610606	7.28478528	3.999124892	3.285660388	20.81102133	10.39481474	5.186711437	5.208103298	31.75499017	14.78045069	6.293180951	8.48726974	44.04357995	19.72198743	7.561191173	12.16079626	57.59158652	25.00420563	8.71051518	16.29369045
5.159315341	2.770850767	1.57661848	1.194232287	8.540345796	4.703296443	2.784771766	1.918524677	13.4555252	7.165863937	4.021033304	3.144830634	20.36633555	10.26306583	5.211430965	5.051634861	31.11749633	14.62354573	6.376570439	8.246975295	43.33817882	19.5274432	7.622075383	11.90536781	57.0263287	24.85315591	8.766569512	16.08658639
4.864363441	2.682149195	1.591042072	1.091107123	8.233036787	4.609667574	2.797982968	1.811684606	13.03741852	7.046383483	4.050865963	2.99551752	19.73835574	10.07480422	5.243028465	4.831775759	30.44028309	14.42354268	6.41517248	8.008370202	42.442812	19.28906153	7.712186295	11.57687524	56.12063521	24.60913411	8.853383552	15.75575055
4.622790434	2.607858629	1.600392726	1.007465902	7.89737693	4.509838322	2.816069018	1.693769304	12.62800785	6.927096786	4.076641253	2.850455532	19.00791423	9.863115086	5.290715514	4.572399571	29.50397978	14.17358261	6.508384022	7.665198585	41.47050574	19.01484883	7.787020374	11.22782846	54.99248376	24.27538906	8.91684171	15.35854735
4.372817208	2.531139609	1.61030081	0.920838799	7.558857003	4.405406386	2.828681077	1.576725309	12.18523227	6.791845947	4.095152784	2.696693162	18.34175161	9.654651763	5.311101837	4.343549926	28.6412256	13.92585937	6.568176249	7.357683118	40.50806089	18.74506661	7.863569473	10.88149714	53.96543869	24.00048139	9.018002747	14.98247865
4.09624216	2.445203207	1.61968373	0.825519477	7.19706606	4.292616792	2.840392158	1.452224634	11.68466282	6.638508754	4.115431722	2.523077031	17.63161241	9.452307287	5.362654726	4.089652561	27.59160987	13.61921613	6.633019252	6.986196874	39.09007374	18.3597588	7.994601322	10.36515747	52.52746768	23.56277381	9.080426882	14.48234693
3.795293961	2.35060839	1.628265605	0.722342785	6.757408623	4.155051801	2.853873389	1.301178411	11.13438176	6.464316852	4.129284398	2.335032453	16.89635975	9.22179005	5.384505199	3.83728485	26.32419992	13.26187093	6.730706439	6.531164494	37.6525103	17.94448562	8.090473284	9.85401234	50.98551489	23.11813656	9.184447392	13.93368917
3.478655022	2.250076676	1.635787503	0.614289173	6.280049532	4.003948002	2.865897236	1.138050765	10.42040392	6.240696192	4.150842327	2.089853865	16.16683299	8.993223119	5.406418185	3.586804935	25.12916866	12.90182426	6.788152054	6.113672202	36.09390351	17.50178831	8.205730709	9.296057602	49.2953433	22.63382039	9.30305894	13.33076145
3.157282154	2.147333915	1.642359796	0.504974119	5.75932712	3.837989399	2.877320539	0.96066886	9.758598176	6.032078019	4.16881794	1.863260079	15.16873797	8.689748544	5.450253833	3.239494711	23.4692459	12.38581356	6.844097391	5.54171617	33.97854177	16.88217061	8.333985024	8.548185583	46.99292699	21.98170955	9.476100832	12.50560872
2.797529065	2.031322777	1.648219634	0.383103144	5.180866207	3.651412795	2.886686089	0.764726706	8.903574098	5.756627556	4.183154285	1.573473271	14.11649415	8.354174615	5.473014848	2.881159767	21.43968352	11.7889654	6.963606339	4.825359061	31.91539939	16.2770772	8.457916099	7.819161098	44.00718112	21.10901175	9.659927061	11.44908469
2.45567368	1.920227725	1.652504748	0.267722977	4.544344807	3.447089655	2.898462079	0.548627576	7.969266594	5.454040971	4.196428159	1.257612812	12.73183292	7.915402134	5.507186742	2.408215392	19.36377215	11.14278447	7.032290633	4.110493839	29.07584665	15.43317529	8.611839614	6.82133568	40.56100871	20.09183465	9.857247625	10.23458703
2.147768615	1.81950029	1.655366127	0.164134163	3.903581742	3.237374911	2.904271496	0.333103415	6.798091236	5.069196974	4.204749843	0.864447131	11.07714095	7.380789243	5.53261339	1.848175853	16.89534208	10.35782328	7.08906388	3.268759399	24.90526598	14.12980125	8.742068892	5.387732362	36.00901406	18.7053378	10.05349968	8.651838129
1.891166859	1.735174972	1.657179028	0.077995944	3.267147632	3.027677362	2.907942226	0.119735135	5.265852847	4.567263672	4.217969084	0.349294588	8.665032506	6.596024286	5.561520176	1.03450411	13.61511873	9.290558386	7.128278213	2.162280172	19.35453364	12.34452588	8.839521995	3.505003881	28.4010227	16.31691221	10.27485697	6.042055242
1.658361601	1.658361601	1.658361601	0	2.90902162	2.90902162	2.90902162	0	4.221064678	4.221064678	4.221064678	0	5.576479674	5.576479674	5.576479674	0	7.148931325	7.148931325	7.148931325	0	8.872021197	8.872021197	8.872021197	0	10.3898543	10.3898543	10.3898543	0
