9.743161384	3.247720461	0	3.247720461	14.217112	4.739037332	0	4.739037332	20.78802721	6.929342404	0	6.929342404	30.62953445	10.20984482	0	10.20984482	42.07813102	14.02604367	0	14.02604367	56.68508214	18.89502738	0	18.89502738	73.23850309	24.41283436	0	24.41283436
9.743189125	3.247729709	5.2302E-10	3.247729708	14.21695052	4.739378805	0.000592948	4.738785857	20.78717656	6.929272063	0.000319813	6.92895225	30.63026817	10.21097677	0.001331077	10.2096457	42.09428011	14.04477091	0.020016316	14.0247546	56.70528788	18.92079993	0.028555952	18.89224397	73.25440144	24.46316455	0.067546113	24.39561844
9.743173221	3.247724511	1.5626E-07	3.247724355	14.22030721	4.743302455	0.004800077	4.738502377	20.79801217	6.943687473	0.016525125	6.927162348	30.64709615	10.23183659	0.024206808	10.20762978	42.20422095	14.15751919	0.134168318	14.02335088	56.878194	19.09167989	0.198422826	18.89325706	73.45744681	24.6689419	0.274689439	24.39425246
9.743106014	3.247727628	3.84349E-05	3.247689193	14.22186785	4.7468037	0.009271627	4.737532074	20.82363401	6.973217416	0.04800912	6.925208295	30.68744692	10.27757895	0.072644962	10.20493399	42.30901551	14.27239627	0.254086651	14.01830962	57.07655685	19.29892635	0.410111106	18.88881525	73.69797864	24.90510722	0.508671514	24.39643571
9.743116574	3.247994999	0.000434211	3.247560788	14.23070848	4.757055008	0.02022827	4.736826738	20.85650018	7.012111148	0.089916632	6.922194516	30.74884385	10.34371521	0.141150892	10.20256432	42.40224312	14.38138263	0.37095238	14.01043025	57.20778055	19.45035092	0.571636107	18.87871481	73.86334421	25.1069489	0.728751246	24.37819766
9.744136175	3.249371369	0.001988967	3.247382403	14.24218848	4.774170926	0.040162151	4.734008775	20.90467275	7.067232945	0.148513041	6.918719904	30.83884052	10.4471074	0.251240837	10.19586656	42.50436091	14.49889354	0.496159849	14.00273369	57.37424806	19.6283349	0.755378312	18.87295658	73.98672689	25.25620867	0.890949565	24.36525911
9.74350374	3.250258878	0.003636447	3.246622431	14.25515612	4.794794491	0.064613676	4.730180814	20.94485881	7.116724067	0.202656698	6.91406737	30.90486569	10.52471454	0.334638962	10.19007558	42.62577076	14.63789224	0.643952982	13.99393926	57.48578864	19.75785978	0.893895346	18.86396443	74.09653085	25.41158381	1.069110286	24.34247352
9.749930594	3.25835469	0.012566739	3.245787952	14.27505426	4.82043005	0.093117946	4.727312103	20.97371786	7.165455593	0.261324462	6.904131132	30.98169583	10.62478158	0.446324456	10.17845712	42.73914403	14.77064474	0.786395097	13.98424964	57.66147134	19.96724585	1.120133102	18.84711275	74.31124612	25.65594468	1.328293951	24.32765072
9.75609444	3.266910138	0.022317987	3.244592151	14.29819481	4.847359146	0.121941316	4.72541783	21.03307961	7.228021575	0.325492556	6.902529019	31.04468899	10.70631846	0.537133196	10.16918526	42.84557277	14.90297794	0.931680526	13.97129741	57.80164487	20.15365782	1.329664291	18.82399353	74.5340886	25.92249147	1.616692906	24.30579857
9.762878984	3.276690285	0.033595935	3.243094349	14.3294787	4.888949913	0.168685521	4.720264392	21.07842746	7.285510345	0.389051785	6.89645856	31.1191691	10.80093074	0.641811558	10.15911918	42.95227105	15.04588782	1.0926962	13.95319162	57.92114036	20.30676095	1.49957124	18.80718971	74.73862215	26.13042855	1.826331755	24.3040968
9.770867074	3.28885706	0.047852053	3.241005007	14.35202508	4.927321417	0.214969584	4.712351833	21.12988983	7.353701296	0.465607029	6.888094266	31.18846419	10.89317669	0.745532934	10.14764375	43.04265733	15.16598386	1.227647128	13.93833673	58.02815154	20.44852807	1.658716342	18.78981173	74.87619396	26.30181572	2.014626597	24.28718912
9.780660899	3.304571326	0.06652654	3.238044787	14.37605009	4.958996587	0.250469835	4.708526752	21.17578812	7.418165804	0.539354645	6.87881116	31.24890012	10.97992597	0.845438899	10.13448707	43.12189611	15.28163995	1.361511865	13.92012808	58.12286534	20.58302199	1.813100315	18.76992168	75.00965059	26.50560849	2.253587444	24.25202105
9.789035145	3.31536389	0.078528262	3.236835628	14.4066299	4.999774523	0.296346835	4.703427688	21.21504802	7.475226409	0.605315605	6.869910803	31.32464569	11.08634027	0.967187559	10.11915271	43.20246496	15.39881839	1.496995107	13.90182328	58.20354714	20.72261973	1.982156027	18.7404637	75.09881147	26.65761059	2.437010151	24.22060044
9.801961519	3.334666571	0.101019097	3.233647474	14.43340329	5.039408665	0.342411351	4.696997314	21.26210763	7.546041618	0.688008609	6.858033008	31.3870799	11.18567494	1.084972458	10.10070248	43.28609742	15.53816745	1.664202466	13.87396498	58.29135384	20.84649245	2.124061758	18.72243069	75.18390893	26.83689306	2.663385119	24.17350794
9.813258492	3.354049663	0.124445248	3.229604415	14.45685331	5.077433714	0.387723919	4.689709796	21.30822586	7.616467694	0.770588613	6.845879081	31.43208588	11.27047771	1.18967363	10.08080408	43.38668757	15.68432566	1.833144701	13.85118095	58.33756352	20.94588219	2.250041526	18.69584067	75.25532943	26.96475933	2.819474279	24.14528505
9.822836993	3.37169352	0.146121783	3.225571737	14.47676784	5.110513275	0.42738599	4.683127285	21.3389932	7.670024288	0.83553983	6.834484457	31.48551651	11.35610745	1.291402914	10.06470453	43.44185896	15.78548522	1.957298348	13.82818687	58.42244434	21.10326316	2.443672574	18.65959059	75.30454906	27.12228763	3.031156907	24.09113072
9.831920279	3.389384355	0.168116393	3.221267962	14.49608557	5.144995535	0.46945052	4.675545016	21.36267054	7.716827925	0.893906615	6.822921309	31.52958502	11.43986308	1.395002109	10.04486097	43.49306679	15.88860585	2.086375383	13.80223047	58.46436353	21.22385743	2.603604386	18.62025305	75.35094751	27.25196345	3.202471419	24.04949203
9.840481169	3.407710809	0.191325629	3.21638518	14.51031728	5.177466146	0.511040578	4.666425568	21.38359568	7.764880152	0.95552239	6.809357762	31.56025546	11.52684947	1.510146465	10.016703	43.5276676	15.97840212	2.203769387	13.77463274	58.5200406	21.34431496	2.756452139	18.58786282	75.45968892	27.41714406	3.395871628	24.02127243
9.847350737	3.42410959	0.212489017	3.211620573	14.52532306	5.21133649	0.554343204	4.656993286	21.39046414	7.80894104	1.018179489	6.790761551	31.5661826	11.59313331	1.606608665	9.986524644	43.56744502	16.07555084	2.329603748	13.74594709	58.60469894	21.50551063	2.955916469	18.54959416	75.52428934	27.5725177	3.596631883	23.97588582
9.853245953	3.440458387	0.234064604	3.206393783	14.54337467	5.25223561	0.606666081	4.645569529	21.40517285	7.84896798	1.070865543	6.778102437	31.6143545	11.68610796	1.721984685	9.964123273	43.60268676	16.18163595	2.471110539	13.71052541	58.65178378	21.62830068	3.116559133	18.51174155	75.54132344	27.68617812	3.758605464	23.92757266
9.858402639	3.456806179	0.256007949	3.20079823	14.55535258	5.28593969	0.651233244	4.634706446	21.41603786	7.885585746	1.120359687	6.765226059	31.63320592	11.74286378	1.797692703	9.945171073	43.63447703	16.26992012	2.587641661	13.68227846	58.66312735	21.74036062	3.278977259	18.46138336	75.57086704	27.82493937	3.951975542	23.87296383
9.862531604	3.473212774	0.27855336	3.194659415	14.5632389	5.316242139	0.692743756	4.623498382	21.42523781	7.922472985	1.171090572	6.751382413	31.63882167	11.79920483	1.879396412	9.919808419	43.65521035	16.34867683	2.695410072	13.65326676	58.69689225	21.82803999	3.393613859	18.43442613	75.58110345	27.95350053	4.139699067	23.81380146
9.865836365	3.489443417	0.301246943	3.188196474	14.56689566	5.342780692	0.73072321	4.612057482	21.4299739	7.955286656	1.217943034	6.737343622	31.64843428	11.84416382	1.942028596	9.902135229	43.66053474	16.4084012	2.782334423	13.62606677	58.73204501	21.95503962	3.566536917	18.3885027	75.67164245	28.11716082	4.339920008	23.77724081
9.868606872	3.507902709	0.327550628	3.180352081	14.56926001	5.367422797	0.76650419	4.600918607	21.43470474	7.992057931	1.270734527	6.721323403	31.63518273	11.92221275	2.065727767	9.856484987	43.65341837	16.48840128	2.905892744	13.58250854	58.7581917	22.0402524	3.681282748	18.35896965	75.63912335	28.21471791	4.502515192	23.71220272
9.869537837	3.523422532	0.35036488	3.173057653	14.56937427	5.392262068	0.803705966	4.588556102	21.43945961	8.035577962	1.333637137	6.701940825	31.6435008	11.97870907	2.146313214	9.832395861	43.66499055	16.57279566	3.026698212	13.54609745	58.77857406	22.14412904	3.826906535	18.31722251	75.61263918	28.28206681	4.61678062	23.66528619
9.869904378	3.539632854	0.374497092	3.165135762	14.5667862	5.415584078	0.839983018	4.57560106	21.43645324	8.063115113	1.376446048	6.686669065	31.6500845	12.03887218	2.233266012	9.805606163	43.66467985	16.63082922	3.113903902	13.51692531	58.77731903	22.20331948	3.916319702	18.28699978	75.62959932	28.39318428	4.774976761	23.61820752
9.868626173	3.55349962	0.395936344	3.157563276	14.56541987	5.437772235	0.873948416	4.563823819	21.43342213	8.092999058	1.422787521	6.670211538	31.64581454	12.0843917	2.303680274	9.780711422	43.65637963	16.70400497	3.227817643	13.47618733	58.77965652	22.28954657	4.044491594	18.24505498	75.56127165	28.44100245	4.880867845	23.5601346
9.866191567	3.566801241	0.417106078	3.149695163	14.55747687	5.456181744	0.90553418	4.550647564	21.42639547	8.12048909	1.467535901	6.652953189	31.64092307	12.12858132	2.372410446	9.756170874	43.64965866	16.7653449	3.323188013	13.44215688	58.70539642	22.35211246	4.175470485	18.17664198	75.51921136	28.5370232	5.045929119	23.49109408
9.862360732	3.579501981	0.438072605	3.141429376	14.54473013	5.479069337	0.946238943	4.532830395	21.41356886	8.144721957	1.510298503	6.634423454	31.62758961	12.16187767	2.429021696	9.732855971	43.62449871	16.81786235	3.414544169	13.40331818	58.67874202	22.41384259	4.281392878	18.13244971	75.48899883	28.62132876	5.187493729	23.43383503
9.855163929	3.593287174	0.462348797	3.130938378	14.53905998	5.501851614	0.983247431	4.518604183	21.38140272	8.174347545	1.57081996	6.603527585	31.61583435	12.1927962	2.48127712	9.711519076	43.60248716	16.89060101	3.53465794	13.35594307	58.63171754	22.47175401	4.391772243	18.07998176	75.43881805	28.71129404	5.347532039	23.363762
9.849220142	3.60718555	0.486168254	3.121017296	14.52580773	5.526956885	1.027531461	4.499425424	21.35803122	8.200187447	1.621265562	6.578921886	31.59424637	12.24275188	2.567004628	9.675747249	43.57225008	16.94684877	3.634148117	13.31270066	58.57984281	22.51106126	4.476670477	18.03439078	75.44354399	28.79620694	5.47253841	23.32366853
9.84220311	3.617822523	0.50563223	3.112190293	14.51152741	5.546316028	1.063710339	4.482605689	21.34099092	8.22878646	1.67268423	6.55610223	31.57194862	12.2817439	2.636641537	9.645102362	43.53761064	16.99596642	3.725144313	13.27082211	58.56508142	22.56903569	4.571012831	17.99802286	75.412144	28.86565892	5.592416381	23.27324254
9.833579034	3.627090077	0.523845599	3.103244478	14.49543849	5.56352658	1.097570626	4.465955954	21.32064623	8.257238751	1.72553501	6.531703742	31.54125186	12.31107287	2.695983375	9.615089494	43.49541661	17.04463871	3.819249768	13.22538895	58.45575045	22.60044626	4.672794165	17.9276521	75.41693293	28.95894005	5.72994361	23.22899644
9.824315117	3.638472115	0.545550615	3.092921501	14.47276574	5.579450478	1.132792846	4.446657632	21.30580506	8.281855017	1.769879995	6.511975022	31.52198518	12.33976341	2.748652517	9.591110889	43.44862222	17.07682161	3.890921308	13.1859003	58.41716221	22.6718945	4.799260648	17.87263385	75.35785398	29.00159005	5.823458093	23.17813196
9.81269509	3.650201756	0.568955089	3.081246667	14.45279069	5.595436464	1.166759351	4.428677113	21.28302535	8.302516075	1.812261437	6.490254638	31.50431009	12.36625952	2.797234231	9.569025287	43.43933257	17.12479532	3.967526701	13.15726862	58.40244758	22.73785247	4.905554918	17.83229755	75.30306359	29.04006132	5.908560188	23.13150113
9.799292352	3.660368471	0.590906531	3.06946194	14.42739028	5.61339491	1.206397227	4.406997683	21.25072086	8.323333178	1.85963934	6.463693839	31.47463504	12.40223512	2.866035163	9.53619996	43.41412211	17.14883224	4.016187301	13.13264494	58.35864335	22.78101264	4.992197281	17.78881536	75.1911684	29.07005404	6.009496865	23.06055718
9.786329097	3.667317892	0.607812289	3.059505602	14.40318935	5.627478689	1.23962336	4.387855329	21.2245629	8.337589377	1.894102615	6.443486762	31.44778525	12.42766958	2.917611739	9.510057838	43.39041258	17.17782678	4.071533878	13.1062929	58.32455691	22.81554201	5.061034555	17.75450745	75.15174686	29.11339943	6.094225718	23.01917371
9.770193008	3.675836791	0.628658683	3.047178108	14.37558495	5.639840133	1.271967722	4.367872411	21.19210212	8.359749424	1.943573074	6.41617635	31.41931213	12.44584225	2.959107315	9.486734937	43.36097514	17.20813555	4.131715751	13.0764198	58.28090606	22.85070253	5.135600762	17.71510177	75.0693103	29.16075376	6.206475489	22.95427827
9.752607026	3.684275943	0.650110402	3.034165542	14.34464773	5.65579257	1.31136499	4.34442758	21.15790384	8.37338284	1.981122342	6.392260498	31.39191279	12.46891044	3.007409265	9.461501176	43.33541076	17.24879669	4.205489653	13.04330704	58.21604182	22.89276794	5.231130999	17.66163694	74.93396745	29.16775602	6.284650308	22.88310572
9.729955648	3.692172837	0.673281432	3.018891405	14.31333771	5.667346687	1.344351177	4.32299551	21.12406323	8.389158711	2.021706452	6.367452259	31.34745452	12.48838601	3.058851759	9.429534254	43.29550111	17.28223787	4.275606244	13.00663162	58.17691212	22.9400833	5.321668887	17.61841441	74.8523873	29.20083537	6.375059406	22.82577596
9.695849159	3.696536115	0.696879592	2.999656522	14.25184942	5.683615837	1.399499046	4.284116791	21.08532182	8.401233319	2.059189067	6.342044252	31.29355235	12.52187853	3.13604162	9.385836909	43.25290871	17.30374078	4.329156807	12.97458397	58.12691147	22.96507276	5.384153414	17.58091935	74.7954246	29.26302613	6.496826894	22.76619924
9.672310941	3.706071531	0.722951827	2.983119705	14.21519678	5.692484869	1.431128912	4.261355957	21.02477398	8.417593909	2.114003875	6.303590034	31.24815959	12.5379502	3.182845514	9.355104691	43.22214119	17.33610271	4.393083465	12.94301924	58.09580145	23.00547673	5.460314373	17.54516236	74.70066748	29.28016877	6.569919418	22.71024935
9.645316434	3.714252002	0.748719785	2.965532216	14.16532682	5.702479548	1.471055913	4.231423635	20.97055632	8.430205744	2.160030459	6.270175286	31.20320128	12.56722833	3.249241852	9.317986477	43.1783557	17.3601793	4.4510911	12.9090882	58.04756618	23.02393956	5.512126247	17.51181331	74.63296519	29.29652518	6.628305174	22.66822001
9.618110439	3.721967296	0.773895724	2.948071572	14.10430597	5.713690937	1.518383418	4.195307519	20.93569259	8.43966904	2.191657266	6.248011774	31.16180272	12.58474295	3.296213059	9.288529888	43.12213983	17.37055075	4.494756202	12.87579454	57.99744929	23.04020431	5.561581824	17.47862249	74.57245689	29.32466083	6.700762796	22.62389803
9.595382823	3.723775081	0.78797121	2.935803871	14.05517159	5.719047878	1.550986021	4.168061857	20.85697701	8.45303829	2.25106893	6.20196936	31.12194028	12.59383962	3.329789299	9.264050326	43.07173431	17.397434	4.560283841	12.83715015	57.94966995	23.05530582	5.608123761	17.44718206	74.53843963	29.35074306	6.756894773	22.59384828
9.554703842	3.730784465	0.818824777	2.911959688	14.00802967	5.730185566	1.591263516	4.13892205	20.81320186	8.466689642	2.293433531	6.173256111	31.05520942	12.6100507	3.387471344	9.222579358	42.987106	17.41263681	4.625402213	12.78723459	57.87128811	23.0734439	5.674521792	17.39892211	74.40676308	29.34828753	6.819049759	22.52923777
9.524587269	3.73383784	0.838463125	2.895374715	13.95492585	5.736377953	1.627104006	4.109273947	20.76073861	8.480362035	2.340173746	6.140188289	31.00945527	12.61472704	3.417362921	9.197364115	42.93786071	17.42493674	4.668474756	12.75646199	57.80839916	23.08346439	5.720996996	17.36246739	74.35998962	29.3716293	6.877449138	22.49418016
9.482669231	3.739086898	0.867295731	2.871791167	13.90091853	5.742572415	1.663399358	4.079173057	20.71934487	8.487698255	2.371874948	6.115823308	30.94358805	12.62603351	3.467256247	9.158777266	42.86531429	17.43834738	4.724863927	12.71348345	57.73718504	23.08791932	5.763286467	17.32463286	74.30377038	29.39650941	6.942878929	22.45363048
9.445261926	3.741273364	0.889279083	2.851994281	13.84452081	5.748380457	1.700310282	4.048070175	20.64522432	8.49073308	2.413487461	6.077245619	30.88534448	12.63790112	3.514179447	9.123721676	42.80366035	17.44580697	4.766880272	12.67892669	57.63956824	23.09988744	5.830047044	17.2698404	74.20568549	29.42219025	7.030442637	22.39174762
9.407955975	3.742233635	0.909372465	2.83286117	13.78313749	5.748914566	1.731803102	4.017111464	20.59676234	8.505161597	2.459361225	6.045800372	30.83820164	12.66429725	3.577345053	9.086952196	42.74301458	17.45227676	4.806907847	12.64536891	57.55324927	23.10047245	5.874084046	17.22638841	74.13811414	29.44245583	7.094626679	22.34782915
9.375643603	3.742126231	0.925367545	2.816758686	13.71254289	5.758463092	1.781423195	3.977039898	20.52538975	8.513217356	2.50713116	6.006086195	30.77269426	12.67172256	3.621236704	9.050485852	42.67381986	17.45667084	4.848096331	12.60857451	57.4796655	23.1183978	5.937763956	17.18063385	74.05980164	29.45382369	7.150834706	22.30298898
9.335746949	3.742033199	0.945176325	2.796856875	13.65108372	5.758004463	1.811464834	3.946539629	20.45789704	8.522707343	2.555112496	5.967594846	30.69130314	12.68215647	3.677583137	9.004573334	42.6242842	17.46892722	4.891248735	12.57767849	57.43707327	23.14077587	5.992627171	17.1481487	73.96445596	29.46204775	7.210843644	22.2512041
9.277236118	3.739940866	0.97129324	2.768647626	13.57799215	5.75904748	1.849575143	3.909472336	20.38712682	8.523878961	2.59225503	5.931623931	30.61833969	12.67940301	3.709934666	8.96946834	42.54078822	17.48585853	4.95839369	12.52746484	57.36575875	23.14614811	6.036342792	17.10980532	73.88657297	29.46100324	7.24821837	22.21278487
9.232401495	3.741761977	0.996442217	2.745319759	13.52209673	5.757833194	1.875701425	3.882131768	20.30917652	8.522697611	2.629458156	5.893239455	30.53939614	12.6927348	3.769404131	8.923330671	42.47913363	17.48860984	4.99334794	12.4952619	57.29760446	23.14959687	6.075593076	17.07400379	73.77789771	29.4538043	7.291757594	22.16204671
9.176448994	3.741065097	1.023373149	2.717691948	13.44615697	5.75316106	1.906663106	3.846497954	20.22312139	8.524626322	2.675378791	5.849247531	30.48161402	12.69389038	3.800028566	8.893861818	42.40149908	17.48464106	5.026212043	12.45842901	57.22387042	23.16162005	6.130494868	17.03112519	73.6458605	29.43682809	7.332311887	22.1045162
9.130777609	3.737658973	1.041099655	2.696559318	13.36789227	5.744457123	1.932739551	3.811717572	20.13766184	8.517098403	2.706816684	5.81028172	30.39536698	12.69863544	3.850269677	8.848365768	42.3334109	17.4875195	5.064573797	12.4229457	57.14420179	23.16241164	6.171516562	16.99089508	73.5475251	29.43829414	7.383678655	22.05461548
9.074564102	3.731932857	1.060617234	2.671315623	13.27511323	5.748317763	1.98492003	3.763397734	20.03791765	8.514845795	2.753309865	5.76153593	30.32216895	12.70177131	3.891572493	8.810198819	42.24658713	17.47908896	5.095339875	12.38374909	57.07828432	23.17281032	6.220073314	16.952737	73.40539172	29.41494778	7.419725817	21.99522197
9.024041934	3.727315274	1.078951944	2.64836333	13.19815852	5.740009429	2.010934886	3.729074543	19.96231074	8.510020401	2.783875231	5.72614517	30.25102166	12.70250606	3.928248253	8.774257803	42.16089983	17.47495469	5.131982118	12.34297257	56.97249342	23.17690693	6.279113688	16.89779324	73.26628534	29.40360858	7.472270195	21.93133838
8.948963055	3.718789603	1.103702877	2.615086726	13.11852741	5.730384511	2.036313063	3.694071448	19.86569201	8.509418218	2.831281322	5.678136896	30.14165426	12.70598418	3.988149139	8.717835042	42.05227802	17.48809511	5.20600365	12.28209146	56.89089995	23.1777962	6.32124433	16.85655187	73.1809337	29.40428937	7.515967203	21.88832217
8.876071044	3.713326387	1.131954059	2.581372328	13.01749492	5.725068843	2.078855803	3.64621304	19.78513397	8.50164951	2.859907278	5.641742232	30.03306406	12.6885606	4.01630887	8.672251729	41.96175985	17.46303923	5.213678928	12.24936031	56.78275543	23.16374806	6.354244373	16.80950368	73.09145095	29.40328816	7.559206764	21.8440814
8.810047515	3.704400672	1.15157725	2.552823422	12.93156527	5.715229655	2.107061847	3.608167808	19.64310694	8.494256239	2.91983089	5.574425348	29.92491	12.68457224	4.064403364	8.620168877	41.88526332	17.46792068	5.259249369	12.20867132	56.71249975	23.17539413	6.406841325	16.76855281	73.01504651	29.407667	7.603977244	21.80368976
8.737207106	3.694223618	1.172731874	2.521491744	12.84912101	5.701809308	2.128153459	3.573655849	19.54550069	8.487044001	2.957815659	5.529228342	29.80725231	12.68121927	4.118202753	8.563016519	41.81048184	17.46461891	5.291687437	12.17293147	56.61584337	23.16966346	6.446573503	16.72308996	72.87969473	29.38447802	7.636869662	21.74760836
8.638896365	3.67640139	1.195153902	2.481247488	12.74325492	5.680841977	2.149635503	3.531206474	19.42855354	8.474320836	2.997204486	5.47711635	29.71201676	12.67383687	4.154746924	8.519089944	41.71347587	17.45915155	5.331989395	12.12716216	56.49920524	23.16210344	6.493552547	16.6685509	72.78048826	29.37641252	7.674374643	21.70203787
8.577303797	3.66917049	1.215103837	2.454066653	12.66609088	5.676820063	2.182184653	3.49463541	19.35103131	8.458588641	3.012367309	5.446221333	29.61052355	12.66702935	4.195282249	8.471747099	41.60731613	17.46036658	5.386891806	12.07347477	56.37500751	23.15517192	6.545254126	16.6099178	72.66999525	29.36342996	7.71014732	21.65328264
8.512612408	3.657174205	1.229455103	2.427719102	12.5510491	5.656876511	2.209790213	3.447086297	19.24656224	8.442108645	3.039881848	5.402226796	29.4608082	12.65336688	4.249646221	8.403720659	41.52932568	17.44898403	5.408813211	12.04017082	56.27687837	23.15713823	6.59726816	16.55987007	72.56413358	29.36115364	7.759663675	21.60148997
8.428175533	3.641896697	1.248757279	2.393139418	12.44568986	5.639652685	2.236634097	3.403018588	19.12821489	8.422574534	3.069754356	5.352820178	29.33878902	12.64259745	4.294501659	8.348095788	41.42991598	17.43606041	5.439132619	11.99692779	56.18055069	23.13583501	6.613477163	16.52235784	72.4664019	29.34810696	7.788959489	21.55914747
8.317928543	3.621818011	1.273762745	2.348055266	12.34121834	5.620325418	2.259878954	3.360446464	18.98185485	8.404910347	3.116438098	5.288472249	29.2169113	12.62915818	4.335281614	8.293876562	41.31864319	17.42311299	5.475347895	11.9477651	56.07427094	23.12506923	6.650468379	16.47460085	72.37419425	29.34142558	7.825041252	21.51638433
8.227974439	3.604145788	1.292231463	2.311914325	12.25092687	5.601980242	2.277506929	3.324473313	18.86368973	8.382492157	3.141893368	5.240598789	29.10568625	12.61529627	4.370101277	8.245194991	41.21152074	17.39560757	5.487650986	11.90795658	55.98109076	23.12716867	6.700207626	16.42696104	72.25273103	29.31884127	7.851896382	21.46694488
8.117260502	3.584678283	1.318387173	2.266291109	12.13333898	5.575401838	2.296433264	3.278968573	18.72420937	8.357448123	3.174067498	5.183380625	28.95024012	12.58438842	4.401462573	8.182925848	41.11560675	17.39014105	5.527408206	11.86273285	55.84099141	23.11038245	6.745077975	16.36530448	72.12516838	29.33270966	7.936480299	21.39622936
8.034864811	3.567301803	1.333520298	2.233781504	12.0210292	5.556791656	2.324672885	3.232118772	18.60296016	8.332716092	3.197594059	5.135122033	28.84720375	12.56413012	4.422593306	8.141536816	40.95905194	17.37464642	5.582443668	11.79220276	55.70702889	23.08335554	6.77151886	16.31183668	71.97937696	29.316934	7.985712525	21.33122148
7.966710416	3.551385085	1.343722419	2.207662666	11.89089826	5.53151432	2.351822351	3.179691969	18.45785607	8.301115145	3.222744681	5.078370464	28.66573069	12.53634671	4.471654722	8.06469199	40.86217125	17.35821857	5.606242233	11.75197634	55.58511504	23.06593188	6.806340303	16.25959158	71.87775136	29.29644029	8.00578476	21.29065553
7.80468696	3.51582387	1.371392325	2.144431545	11.7232601	5.49857607	2.386234055	3.112342015	18.20378107	8.258435146	3.285762181	4.972672964	28.50432796	12.50570881	4.506399226	7.99930958	40.73601397	17.33950868	5.641256034	11.69825264	55.43582142	23.03342648	6.832229006	16.20119747	71.76392859	29.27364566	8.028504195	21.24514147
7.730900303	3.498514176	1.382321112	2.116193063	11.61677362	5.47687189	2.406921024	3.069950866	18.03481927	8.222379027	3.316158905	4.906220122	28.32330859	12.47203293	4.546395105	7.925637828	40.59543378	17.31445251	5.673961873	11.64049064	55.29332788	23.0083634	6.865881167	16.14248224	71.65333303	29.26675644	8.073468149	21.19328829
7.601733591	3.469526591	1.403423091	2.0661035	11.48334646	5.443490522	2.423562552	3.01992797	17.81466551	8.179320327	3.361647733	4.817672594	28.13394319	12.43619924	4.587327261	7.848871975	40.42711563	17.28599995	5.715442112	11.57055784	55.17622963	22.99757216	6.908243421	16.08932874	71.48016663	29.23402702	8.110957214	21.12306981
7.484509373	3.441703893	1.420301153	2.02140274	11.32228608	5.40907164	2.452464421	2.956607219	17.65386497	8.139830723	3.3828136	4.757017123	27.89485189	12.39277423	4.641735396	7.75103883	40.30465505	17.25556832	5.731024956	11.52454336	55.0115285	22.97580786	6.957947541	16.01786032	71.3466556	29.23087845	8.172989871	21.05788858
7.372694682	3.413635944	1.434106576	1.979529369	11.16355627	5.37080297	2.474426319	2.896376651	17.37281321	8.079826156	3.43333263	4.646493526	27.68450648	12.34506133	4.67533876	7.669722575	40.1410009	17.22926189	5.77339239	11.4558695	54.8659741	22.95033936	6.992521988	15.95781737	71.15414441	29.19570055	8.216478624	20.97922193
7.24618168	3.382420816	1.450540384	1.931880432	11.01833171	5.336219136	2.495162846	2.841056289	17.20936973	8.039604046	3.454721206	4.58488284	27.43977006	12.2997967	4.729810016	7.569986683	39.98439745	17.191233	5.79465077	11.39658223	54.68930844	22.90851995	7.018125709	15.89039425	70.99322003	29.17402998	8.264434955	20.90959503
7.119219057	3.34989865	1.465238446	1.884660204	10.87915692	5.300325709	2.510910102	2.789415607	16.9808746	7.982569403	3.483416806	4.499152598	27.22437908	12.25374605	4.768429532	7.485316517	39.78939725	17.15045343	5.830981523	11.31947191	54.52696103	22.87031361	7.0419899	15.82832371	70.85767066	29.15563108	8.304611296	20.85101979
6.988866375	3.315783692	1.479242351	1.836541341	10.69006571	5.252354559	2.533498982	2.718855577	16.81654497	7.936568043	3.496579581	4.439988463	26.95546312	12.19366666	4.812768431	7.38089823	39.59928719	17.12069936	5.881405441	11.23929392	54.30743449	22.83778499	7.102960242	15.73482475	70.67542954	29.10915065	8.326011202	20.78313945
6.852323393	3.279496745	1.493083421	1.786413324	10.53418041	5.210180192	2.548180084	2.662000108	16.5463287	7.874402741	3.53843976	4.335962981	26.73104961	12.12996083	4.829416436	7.300544391	39.40700925	17.07833428	5.913996801	11.16433748	54.11182477	22.78898862	7.127570539	15.66141808	70.56051839	29.08436729	8.346291734	20.73807555
6.715164825	3.242212075	1.5057357	1.736476375	10.32602543	5.156568301	2.571839734	2.584728567	16.36384022	7.822000856	3.551081175	4.270919682	26.33919301	12.04554889	4.898726824	7.146822062	39.18858271	17.0299373	5.950614596	11.0793227	53.93516467	22.74578113	7.151089362	15.59469177	70.35079035	29.03847843	8.382322477	20.65615596
6.558050006	3.199554982	1.520307469	1.679247512	10.14938766	5.108578296	2.588173616	2.520404681	16.14681403	7.762859134	3.570881688	4.191977446	26.13066181	11.98667244	4.914677762	7.071994682	39.04630655	16.99441156	5.968464071	11.02594749	53.71475051	22.69294711	7.182045409	15.5109017	70.20458967	29.00166652	8.400204937	20.60146158
6.382220626	3.151543256	1.536204571	1.615338685	9.98188592	5.060419754	2.59968667	2.460733083	15.87982621	7.697086567	3.605716748	4.091369819	25.77877588	11.91335519	4.980644848	6.932710343	38.84309776	16.94767608	5.999965235	10.94771084	53.52196943	22.65062884	7.214958551	15.43567029	70.08677512	28.98756609	8.437961577	20.54960451
6.2381374	3.109823637	1.545666756	1.564156881	9.795820667	5.007971383	2.614046742	2.393924642	15.58278961	7.620936289	3.640009629	3.98092666	25.45001393	11.82956185	5.019335803	6.810226043	38.63463777	16.8993862	6.031760413	10.86762579	53.29980855	22.5906364	7.236050331	15.35458607	69.89411596	28.9391944	8.461733625	20.47746078
6.052167667	3.057930148	1.560811388	1.49711876	9.579450988	4.946959059	2.630713094	2.316245965	15.32878188	7.545854044	3.654390126	3.891463918	25.03634824	11.7105895	5.047710127	6.662879372	38.31420184	16.81925084	6.071775342	10.7474755	53.06392035	22.5333081	7.268001981	15.26530612	69.67572178	28.88688286	8.492463398	20.39441946
5.870164011	3.005358174	1.572955256	1.432402918	9.324959088	4.875290557	2.650456292	2.224834265	15.07589317	7.47200019	3.670053702	3.801946488	24.73695424	11.63342969	5.081667414	6.551762275	37.94061058	16.72775243	6.121323356	10.60642907	52.78530881	22.4648258	7.304584288	15.16024151	69.44589627	28.83880484	8.535259124	20.30354572
5.683119602	2.950463444	1.584135365	1.366328079	9.088147897	4.805962015	2.664869075	2.141092941	14.80770164	7.391685788	3.683677861	3.708007927	24.43934464	11.54396402	5.096273712	6.447690309	37.58059437	16.63057669	6.155567856	10.47500884	52.55496595	22.40825658	7.334901895	15.07335468	69.14842687	28.76022056	8.566117402	20.19410316
5.48086435	2.890582936	1.595442229	1.295140707	8.811828423	4.72442764	2.680727248	2.043700392	14.51569267	7.307766427	3.703803305	3.603963121	23.98683994	11.41783967	5.133339527	6.284500139	37.12787669	16.51094662	6.202481585	10.30846504	52.24228516	22.33034556	7.374375757	14.9559698	68.93541806	28.70949571	8.596534535	20.11296118
5.258894443	2.824048182	1.606625052	1.217423131	8.536257514	4.642618362	2.695798786	1.946819576	14.15819934	7.200646297	3.721869775	3.478776521	23.54043518	11.29588956	5.173616754	6.122272807	36.72085778	16.40106522	6.241168932	10.15989628	51.94883689	22.25978017	7.415251808	14.84452836	68.67336107	28.64576805	8.631971536	20.01379651
5.027491498	2.754541874	1.618067062	1.136474812	8.252135557	4.555348084	2.706954347	1.848393737	13.70841514	7.076616638	3.760717386	3.315899252	23.06355197	11.14817863	5.190491961	5.95768667	36.51985348	16.34159764	6.252469723	10.08912792	51.67414293	22.18356698	7.438279009	14.74528797	68.39530846	28.58231018	8.675811042	19.90649914
4.788517452	2.681317753	1.627717904	1.053599849	7.870753194	4.440912472	2.725992111	1.714920361	13.29852931	6.955595566	3.784128693	3.171466872	22.30813622	10.93917488	5.254694204	5.684480672	36.08513952	16.21921592	6.286254128	9.932961796	51.30725383	22.0839899	7.472357938	14.61163197	68.10013638	28.51837682	8.727497033	19.79087978
4.497651246	2.591936472	1.639079085	0.952857387	7.523124924	4.33322932	2.738281518	1.594947802	12.88919898	6.82706559	3.795998896	3.031066694	21.78174412	10.78087941	5.280447051	5.500432356	35.56279049	16.07430091	6.330056125	9.744244789	50.77640516	21.94135946	7.523836612	14.41752285	67.75621768	28.42335595	8.756925082	19.66643086
4.184073746	2.494752485	1.650091854	0.844660631	7.110668887	4.205654402	2.75314716	1.452507242	12.40931007	6.679874809	3.815157177	2.864717632	21.16030681	10.59338711	5.309927261	5.283459849	34.98253301	15.90017439	6.358995087	9.541179306	50.24691119	21.78409544	7.552687563	14.23140787	67.41800476	28.33710778	8.796659295	19.54044849
3.888340752	2.401708122	1.658391806	0.743316315	6.70877281	4.079377631	2.764680041	1.31469759	11.93012411	6.530713251	3.831007822	2.699705429	20.6439366	10.42694718	5.318452468	5.108494712	34.09847984	15.63740895	6.406873511	9.230535443	49.58916552	21.59253188	7.59421506	13.99831682	66.96670574	28.2099649	8.831594476	19.37837042
3.581515309	2.302888732	1.663575444	0.639313288	6.218743696	3.924870684	2.777934178	1.146936506	11.26576818	6.324389383	3.853699983	2.4706894	19.89307574	10.19342536	5.343600173	4.849825188	33.47466703	15.44939723	6.436762333	9.012634898	49.11487153	21.4469701	7.613019379	13.83395072	66.48918424	28.07018704	8.860688434	19.2094986
3.251989549	2.197433372	1.670155284	0.527278088	5.700251617	3.759285437	2.788802346	0.97048309	10.59189259	6.109795199	3.868746503	2.241048695	19.15538933	9.952307096	5.35076598	4.601541115	32.47894526	15.15079499	6.48671986	8.664075134	48.08660699	21.14606081	7.675787721	13.47027309	65.84137888	27.88454835	8.906133081	18.97841527
2.90150324	2.084292493	1.675687119	0.408605373	5.125574179	3.573854675	2.797994923	0.775859752	9.613616517	5.798767148	3.891342463	1.907424685	18.04115448	9.611029637	5.395967216	4.215062421	31.26218713	14.78679947	6.54910564	8.237693831	47.17047299	20.85666939	7.699767588	13.1569018	65.14042987	27.68786319	8.961579847	18.72628334
2.529353785	1.964958945	1.682761525	0.28219742	4.505717822	3.371723688	2.804726622	0.566997067	8.650156609	5.488395844	3.907515462	1.580880382	17.00703639	9.27333882	5.406490037	3.866848783	29.87419688	14.3426667	6.576901607	7.76576509	45.8102088	20.43858754	7.752776917	12.68581063	64.30844635	27.43288347	8.995102035	18.43778144
2.210825275	1.860638449	1.685545035	0.175093413	3.799369152	3.139882584	2.8101393	0.329743284	7.517650687	5.116731899	3.916272504	1.200459394	15.60494991	8.81538466	5.420602035	3.394782624	28.2513735	13.82218227	6.607586661	7.214595614	43.84906753	19.82214008	7.80867636	12.01346372	62.87479125	26.98927485	9.046516647	17.9427582
1.935926201	1.769973308	1.686996862	0.082976446	3.226088491	2.948786228	2.810135096	0.138651132	6.000518624	4.620303922	3.930196572	0.690107351	13.34268114	8.088118987	5.460837912	2.627281075	25.77710555	13.02272554	6.645535534	6.377190005	41.06481956	18.91757014	7.84394543	11.07362471	59.79045772	26.013051	9.124347636	16.88870336
1.687398381	1.687398381	1.687398381	0	2.820841132	2.820841132	2.820841132	0	4.016276006	4.016276006	4.016276006	0	5.840990074	5.840990074	5.840990074	0	7.241531437	7.241531437	7.241531437	0	8.207469483	8.207469483	8.207469483	0	9.317214191	9.317214191	9.317214191	0
